real,prediction,index,split
22,3,2682,test
13,13,2771,test
19,9,3710,test
17,17,630,test
16,16,3401,test
5,5,129,test
12,11,2032,test
7,7,4031,test
15,4,815,test
20,20,3141,test
13,13,1251,test
3,3,3931,test
13,13,3736,test
13,13,2726,test
13,13,1868,test
11,11,2998,test
5,5,3290,test
14,14,2284,test
14,14,1783,test
20,20,402,test
5,9,3590,test
3,3,1815,test
13,13,1739,test
13,13,3755,test
9,9,1607,test
17,17,1002,test
14,14,1835,test
20,20,1701,test
11,0,1668,test
21,12,676,test
20,20,1062,test
13,13,1250,test
5,17,1915,test
12,12,2944,test
13,13,223,test
17,13,1982,test
19,22,3673,test
3,3,1556,test
11,11,721,test
22,22,2762,test
21,0,3475,test
13,13,1541,test
17,22,3028,test
12,12,3937,test
13,13,407,test
7,7,2891,test
3,3,3239,test
22,22,2216,test
3,3,2967,test
22,3,3689,test
9,13,3272,test
3,3,3456,test
22,22,908,test
13,13,373,test
17,13,3298,test
7,7,3752,test
20,20,3334,test
15,8,3005,test
9,13,2868,test
16,16,2939,test
10,13,2550,test
12,15,2110,test
1,7,1797,test
3,16,3308,test
5,5,2248,test
4,4,950,test
4,5,600,test
0,0,3168,test
13,13,398,test
20,4,1354,test
11,11,2206,test
22,22,1516,test
20,4,3721,test
9,9,1016,test
3,3,1480,test
16,22,3970,test
5,5,938,test
9,15,581,test
4,4,2667,test
13,11,3057,test
22,13,3408,test
22,12,2330,test
13,13,3091,test
9,13,3714,test
3,3,2112,test
3,6,1976,test
4,4,1820,test
13,13,1788,test
16,16,3172,test
2,0,654,test
4,4,1517,test
22,22,575,test
6,22,832,test
20,16,399,test
9,19,1604,test
22,4,2812,test
3,7,2147,test
11,11,2816,test
13,13,3077,test
16,12,2732,test
3,5,4010,test
13,13,3033,test
17,22,1623,test
22,3,724,test
3,3,2985,test
22,22,2181,test
14,22,2878,test
17,17,393,test
19,3,3013,test
17,17,1673,test
13,13,2841,test
22,22,475,test
22,22,3573,test
5,5,1841,test
11,11,1418,test
2,2,1335,test
22,7,437,test
3,3,1346,test
13,13,3582,test
3,3,1730,test
9,9,3977,test
3,3,3418,test
4,4,3549,test
17,17,2044,test
13,13,3310,test
3,3,1220,test
13,13,4007,test
11,12,1613,test
2,2,3939,test
5,5,3996,test
15,15,618,test
12,12,1283,test
17,17,3534,test
16,16,1422,test
13,13,166,test
22,22,674,test
8,22,1596,test
15,15,1054,test
14,14,3278,test
17,11,3967,test
4,4,628,test
20,20,1721,test
17,16,1641,test
8,0,3135,test
9,22,1681,test
9,9,544,test
11,11,392,test
3,22,3546,test
13,13,2072,test
22,9,1132,test
0,22,3531,test
3,3,662,test
22,22,671,test
20,20,3134,test
22,17,3982,test
3,3,2204,test
9,9,1990,test
13,13,266,test
12,22,2750,test
16,19,2514,test
22,13,2256,test
11,11,1633,test
0,0,2934,test
19,22,2926,test
4,4,500,test
7,13,1931,test
20,20,2203,test
3,3,1687,test
16,16,3116,test
3,17,3786,test
22,22,1862,test
6,4,1557,test
5,5,2895,test
3,3,554,test
13,13,1094,test
9,7,1083,test
3,3,2517,test
7,0,1718,test
22,16,1683,test
12,16,760,test
5,5,524,test
2,2,3641,test
0,0,170,test
20,20,3407,test
19,12,2932,test
4,9,476,test
20,20,145,test
9,9,961,test
19,19,2238,test
6,6,1599,test
16,14,1818,test
22,22,2669,test
3,3,2796,test
4,4,1040,test
10,10,2006,test
22,12,1572,test
3,3,3938,test
20,20,1349,test
9,22,1794,test
11,11,2133,test
10,22,1214,test
20,22,3322,test
9,9,1221,test
13,22,613,test
9,0,1328,test
9,9,2182,test
20,20,1711,test
3,3,2767,test
5,5,2451,test
19,13,1036,test
3,3,1456,test
22,22,1161,test
13,13,2311,test
20,22,2098,test
3,3,1451,test
5,22,2116,test
9,9,1822,test
9,9,861,test
13,13,990,test
18,18,1987,test
13,13,1737,test
7,7,3521,test
11,17,1185,test
13,15,3393,test
1,22,474,test
9,9,454,test
9,9,3660,test
3,3,1268,test
5,5,1338,test
17,17,3645,test
3,3,198,test
22,22,3126,test
12,12,3704,test
22,22,2515,test
13,13,3008,test
16,16,1423,test
1,19,2928,test
13,13,1413,test
13,13,824,test
20,20,2676,test
7,7,2097,test
11,3,3019,test
3,3,1322,test
20,20,2695,test
9,14,3759,test
13,13,2017,test
3,3,909,test
22,9,509,test
0,0,536,test
9,9,2520,test
19,3,1605,test
22,13,1521,test
7,7,1358,test
16,16,1206,test
13,21,2261,test
9,9,3964,test
22,22,1485,test
19,19,3984,test
17,17,2499,test
19,3,2738,test
13,13,270,test
22,20,946,test
13,13,2690,test
10,13,1003,test
12,12,2159,test
3,11,770,test
14,22,2776,test
9,9,1657,test
17,17,3649,test
12,12,1669,test
17,17,866,test
22,22,2011,test
3,17,298,test
10,10,1632,test
18,3,3732,test
19,19,981,test
22,22,3065,test
12,12,1090,test
20,20,3743,test
4,4,1866,test
22,22,807,test
13,13,1308,test
20,20,3173,test
22,4,711,test
12,12,813,test
10,10,1778,test
13,13,138,test
13,13,3070,test
9,9,319,test
9,9,3962,test
19,19,4042,test
17,17,2064,test
22,22,15,test
13,13,1803,test
16,16,3382,test
11,11,3876,test
13,13,115,test
17,17,422,test
9,9,4029,test
3,3,723,test
22,13,3587,test
13,13,3670,test
19,19,1417,test
9,4,3354,test
3,3,3738,test
5,5,2960,test
19,3,1350,test
13,13,2507,test
13,13,2625,test
16,3,2698,test
22,22,2634,test
9,9,2564,test
22,4,3677,test
3,3,651,test
22,13,66,test
19,19,2866,test
9,10,3064,test
17,17,278,test
9,9,1876,test
22,5,1726,test
3,3,695,test
10,10,101,test
13,13,2126,test
9,9,1897,test
9,9,624,test
19,19,3545,test
20,20,2950,test
11,11,3840,test
20,20,451,test
11,11,2619,test
7,7,3193,test
19,19,1597,test
17,17,1948,test
6,6,427,test
5,5,1811,test
12,12,3468,test
17,17,2489,test
11,11,1839,test
3,3,3557,test
22,3,2306,test
3,3,1306,test
20,20,3547,test
3,3,2559,test
20,20,506,test
13,13,2087,test
18,18,773,test
13,13,2309,test
13,13,2151,test
3,3,1600,test
17,17,426,test
20,20,3754,test
0,0,303,test
22,22,1682,test
22,4,1190,test
19,16,953,test
19,3,3357,test
8,9,546,test
12,12,1555,test
9,13,44,test
20,20,2176,test
0,0,3032,test
22,20,165,test
3,3,2894,test
15,15,1723,test
5,5,1939,test
20,4,2727,test
0,0,789,test
22,9,3814,test
22,22,3498,test
19,19,1791,test
20,20,3120,test
5,5,1873,test
13,13,1116,test
20,20,204,test
3,3,1631,test
5,20,2231,test
13,22,3886,test
10,10,1175,test
19,14,1325,test
9,22,745,test
22,14,1293,test
13,13,808,test
3,7,911,test
22,3,1427,test
5,3,2066,test
0,0,3240,test
20,20,1424,test
22,3,316,test
5,5,2207,test
13,13,1720,test
13,13,2293,test
9,20,2855,test
13,13,359,test
9,9,2271,test
18,13,1113,test
5,5,2763,test
22,16,951,test
20,20,1356,test
16,16,1546,test
3,3,2105,test
13,13,2038,test
16,16,3729,test
22,13,930,test
14,17,744,test
5,5,2990,test
19,19,3880,test
0,5,3842,test
5,5,1337,test
11,13,369,test
0,0,742,test
20,20,4027,test
20,20,598,test
22,22,1771,test
3,3,2415,test
11,11,590,test
21,22,2957,test
3,5,3457,test
22,12,686,test
20,20,1853,test
3,3,1703,test
9,9,1953,test
22,22,2675,test
18,17,3361,test
7,7,1927,test
14,15,2467,test
22,22,3589,test
14,16,32,test
16,16,3621,test
19,19,481,test
18,22,1910,test
3,22,2865,test
22,17,1176,test
16,19,2486,test
5,5,77,test
20,20,3301,test
18,18,1843,test
17,17,3442,test
16,16,798,test
17,17,1496,test
3,3,1550,test
22,22,853,test
13,13,1906,test
3,3,1918,test
3,3,1801,test
9,20,2531,test
22,22,3584,test
20,20,2577,test
16,16,3435,test
10,10,3748,test
3,3,3452,test
3,3,58,test
16,5,2492,test
13,13,1366,test
15,9,869,test
3,8,2411,test
3,3,1196,test
20,20,3969,test
22,22,2952,test
3,3,3347,test
22,3,1069,test
5,5,1992,test
14,3,3293,test
14,14,1454,test
4,4,468,test
3,22,3581,test
4,4,3819,test
22,3,2243,test
3,3,978,test
13,13,2858,test
11,3,2134,test
0,16,464,test
9,9,2024,test
16,16,1455,test
13,13,258,test
4,13,2245,test
3,3,400,test
12,12,591,test
3,3,3687,test
3,3,3897,test
17,22,225,test
19,16,3397,test
9,22,1773,test
10,17,1993,test
22,22,3988,test
13,13,1685,test
22,5,3467,test
19,19,2312,test
9,9,778,test
10,22,2285,test
15,15,3208,test
19,19,3741,test
9,4,1476,test
13,13,794,test
13,13,699,test
3,3,3315,test
17,17,3180,test
13,13,762,test
13,13,3528,test
1,1,2852,test
3,12,2925,test
17,17,507,test
7,22,3575,test
5,5,1425,test
16,16,1994,test
9,19,2549,test
22,11,3067,test
14,22,76,test
9,9,2276,test
9,20,2607,test
13,13,2861,test
10,10,3620,test
13,13,3619,test
19,19,2283,test
0,0,82,test
3,3,2063,test
10,10,360,test
7,7,1909,test
19,19,3956,test
4,4,1307,test
4,4,479,test
22,22,2242,test
16,4,3871,test
3,3,2889,test
22,22,1949,test
13,13,2244,test
20,20,2774,test
20,20,2128,test
12,11,1917,test
20,20,1733,test
9,9,1751,test
20,20,2359,test
3,3,2127,test
0,0,1053,test
4,4,2028,test
10,10,376,test
5,5,2395,test
22,20,237,test
20,20,2506,test
3,3,2455,test
3,3,1135,test
12,4,519,test
19,19,2582,test
5,5,3936,test
9,22,2350,test
3,3,1058,test
17,17,1407,test
13,13,3261,test
5,0,3177,test
9,8,926,test
20,17,2053,test
12,12,3026,test
3,3,1453,test
10,20,1439,test
14,14,2546,test
16,16,2964,test
4,4,943,test
7,7,267,test
3,3,498,test
11,3,901,test
12,3,1420,test
5,5,958,test
13,13,605,test
9,13,2338,test
4,22,1388,test
18,17,3349,test
9,9,759,test
22,11,3849,test
3,3,1204,test
5,0,2705,test
9,9,16,test
0,0,346,test
11,11,1167,test
13,13,1118,test
7,22,1018,test
13,13,4001,test
17,17,3202,test
22,22,2684,test
11,11,3826,test
1,19,658,test
13,13,2936,test
19,3,2043,test
13,13,3291,test
3,3,1224,test
3,0,1707,test
9,9,2434,test
3,3,805,test
6,0,921,test
7,7,2322,test
0,0,2591,test
3,3,1368,test
8,8,86,test
22,9,3781,test
3,3,96,test
7,22,1087,test
22,17,1432,test
16,16,1593,test
17,17,3481,test
13,13,3103,test
3,0,413,test
3,3,3089,test
18,11,1819,test
4,4,2741,test
16,16,2539,test
13,22,905,test
22,22,3816,test
3,3,4030,test
14,22,250,test
3,3,395,test
3,3,987,test
6,6,1882,test
13,13,1759,test
16,19,888,test
13,13,3894,test
3,3,1256,test
4,4,1944,test
13,13,2089,test
20,20,2010,test
3,4,3727,test
22,13,2595,test
22,11,2445,test
19,19,2227,test
3,9,3281,test
11,11,23,test
19,19,3042,test
13,13,473,test
22,20,1640,test
18,11,2930,test
6,0,2433,test
13,13,3806,test
13,13,3688,test
0,16,117,test
13,13,2123,test
11,11,354,test
3,3,1231,test
3,3,2585,test
22,4,1736,test
14,14,1088,test
3,3,1614,test
20,20,3930,test
5,5,421,test
19,3,1415,test
9,9,1941,test
9,9,754,test
4,3,2456,test
6,4,1689,test
22,9,3241,test
16,14,260,test
3,3,3413,test
19,19,2497,test
9,9,3746,test
22,13,3626,test
3,3,3601,test
3,3,3136,test
13,13,3890,test
20,20,2301,test
3,3,3629,test
3,3,2459,test
9,9,2553,test
3,3,962,test
16,16,2144,test
19,19,2859,test
20,20,337,test
20,13,1452,test
13,13,864,test
6,4,553,test
1,19,1257,test
1,19,2988,test
9,13,2362,test
4,4,12,test
4,4,3647,test
13,13,2653,test
12,3,535,test
4,20,1842,test
7,19,3778,test
13,13,2407,test
20,20,1977,test
20,9,1074,test
11,11,2758,test
13,22,2524,test
20,20,73,test
13,13,1080,test
3,3,1491,test
13,13,2881,test
8,8,521,test
22,11,3283,test
18,11,3053,test
13,13,1761,test
16,16,2976,test
20,20,33,test
17,17,3156,test
7,7,173,test
22,9,3533,test
19,19,3012,test
3,3,1115,test
12,12,752,test
13,13,2201,test
15,15,3873,test
9,20,2081,test
5,21,1900,test
20,20,3143,test
13,13,1678,test
5,5,2365,test
21,9,597,test
20,20,2021,test
19,19,2840,test
7,3,2787,test
13,13,2094,test
3,3,640,test
6,6,1470,test
20,4,1173,test
3,3,3088,test
20,20,3434,test
9,22,3416,test
13,13,288,test
20,22,2545,test
13,13,1674,test
20,4,2179,test
3,3,2109,test
16,16,550,test
11,11,1001,test
10,13,3692,test
17,17,678,test
3,16,3479,test
20,20,1184,test
12,12,1665,test
9,13,3850,test
3,3,3764,test
13,13,1997,test
5,5,4037,test
3,12,1357,test
4,4,3449,test
3,12,1652,test
8,8,1353,test
5,5,2037,test
3,3,2530,test
19,22,3431,test
10,10,1907,test
20,22,1465,test
5,5,1262,test
9,9,3175,test
3,3,781,test
3,3,169,test
14,14,2132,test
9,9,2223,test
20,22,3191,test
14,14,434,test
20,20,835,test
3,3,1234,test
3,3,417,test
3,3,1999,test
11,11,1489,test
19,3,513,test
3,3,1855,test
11,3,2917,test
17,17,3187,test
13,13,3229,test
0,0,94,test
7,22,879,test
3,3,2970,test
22,22,607,test
3,3,2448,test
22,20,317,test
20,20,3610,test
3,3,357,test
13,13,3960,test
20,20,707,test
3,3,3352,test
13,19,3268,test
10,10,1920,test
14,14,1386,test
22,5,1037,test
19,19,646,test
3,3,3121,test
20,19,3596,test
9,9,1449,test
19,19,3511,test
10,10,3812,test
22,5,2049,test
5,5,3950,test
9,22,865,test
5,3,3622,test
4,4,1009,test
3,3,1529,test
4,4,1381,test
7,7,3199,test
3,3,595,test
3,11,450,test
1,19,2745,test
12,12,3713,test
3,3,1692,test
9,10,803,test
17,17,3571,test
20,20,1515,test
12,3,3221,test
19,19,3951,test
13,22,3695,test
4,4,1108,test
13,13,83,test
13,13,3536,test
11,11,1102,test
4,4,108,test
11,5,465,test
9,13,2080,test
13,13,1889,test
20,20,2135,test
22,22,1856,test
13,13,647,test
3,13,1958,test
3,7,675,test
9,9,2337,test
9,9,2167,test
11,14,2755,test
19,1,2623,test
13,13,3527,test
3,3,3916,test
22,13,276,test
13,13,367,test
13,13,1068,test
22,14,69,test
9,9,731,test
13,22,1660,test
22,22,1494,test
16,16,21,test
16,16,3463,test
5,5,3576,test
22,18,2494,test
19,3,1537,test
11,11,3614,test
3,3,1107,test
19,19,2639,test
7,7,681,test
5,5,942,test
20,0,2155,test
16,19,3396,test
9,9,327,test
16,16,1244,test
2,2,746,test
5,3,8,test
16,16,1533,test
9,9,307,test
16,4,2754,test
13,13,1812,test
18,22,2178,test
14,14,2893,test
9,9,2562,test
3,3,2848,test
18,17,3676,test
5,17,121,test
18,6,2124,test
3,3,1005,test
19,19,3108,test
0,0,265,test
3,3,428,test
20,20,1774,test
5,5,100,test
6,6,1186,test
20,20,3009,test
13,12,397,test
19,9,2579,test
3,19,2101,test
15,3,2910,test
9,13,2047,test
9,13,1459,test
19,19,736,test
3,3,174,test
13,13,98,test
9,9,1700,test
20,20,2523,test
13,13,3325,test
13,13,2353,test
13,13,3915,test
3,3,749,test
13,13,59,test
13,13,2701,test
22,22,3464,test
16,16,3041,test
13,13,1757,test
13,13,2172,test
22,0,3286,test
9,9,183,test
5,5,2186,test
4,4,1437,test
5,3,3501,test
0,0,2436,test
9,9,2015,test
9,9,2534,test
7,7,2446,test
4,4,1857,test
17,5,3288,test
13,0,1859,test
22,3,3700,test
22,19,2819,test
7,7,1195,test
15,15,2966,test
9,13,1708,test
20,20,79,test
19,3,576,test
9,9,802,test
7,7,2931,test
13,13,1085,test
13,4,3,test
3,3,282,test
0,0,136,test
13,22,1010,test
16,16,2735,test
5,22,2335,test
13,13,2850,test
0,0,3203,test
3,3,2295,test
4,4,3744,test
22,3,2798,test
22,13,3929,test
13,22,1945,test
13,13,2710,test
13,13,2827,test
3,3,1576,test
13,13,543,test
20,20,923,test
5,5,683,test
9,9,2449,test
5,5,1183,test
3,3,375,test
7,20,134,test
7,7,3725,test
20,20,2375,test
22,22,1955,test
13,13,894,test
9,9,755,test
3,3,702,test
20,20,3096,test
22,11,3751,test
16,16,2392,test
13,13,867,test
17,22,918,test
22,9,2033,test
13,22,747,test
0,0,2333,test
7,0,3294,test
12,22,35,test
3,3,2270,test
16,16,2221,test
3,3,3691,test
19,19,1239,test
2,2,734,test
22,20,279,test
13,13,873,test
16,16,2193,test
13,13,935,test
13,13,3421,test
13,13,1155,test
2,2,2606,test
22,7,2908,test
20,20,466,test
13,13,1240,test
22,22,3365,test
13,13,4033,test
3,3,571,test
22,17,3543,test
10,0,3125,test
13,10,3942,test
13,13,1810,test
13,13,1397,test
19,19,294,test
12,12,1153,test
11,11,2885,test
3,3,2587,test
4,4,3488,test
10,10,1540,test
5,5,429,test
3,3,1362,test
1,19,2862,test
18,17,469,test
3,3,2409,test
3,3,2298,test
13,13,780,test
13,13,1764,test
3,3,2722,test
22,22,626,test
9,9,3712,test
9,9,810,test
10,10,4022,test
9,9,2343,test
13,13,717,test
3,3,611,test
11,17,980,test
13,13,1032,test
3,3,3885,test
20,20,2652,test
1,1,3044,test
11,11,1067,test
9,22,1679,test
4,4,3471,test
22,9,2369,test
14,13,1172,test
9,9,1712,test
4,9,3514,test
22,9,3284,test
16,16,3066,test
9,16,2349,test
22,4,1522,test
13,13,2314,test
22,13,1277,test
19,19,1222,test
0,20,3107,test
9,22,2918,test
13,20,3785,test
3,14,2876,test
7,7,3632,test
13,13,459,test
3,3,3251,test
11,11,3892,test
20,20,2090,test
17,22,2107,test
9,0,351,test
7,7,2406,test
3,3,2465,test
13,13,3068,test
22,13,1697,test
13,13,1559,test
22,22,4004,test
13,13,2220,test
22,5,1329,test
15,15,2373,test
11,11,262,test
22,13,404,test
4,4,2258,test
13,13,1343,test
6,6,2829,test
4,4,97,test
17,17,3986,test
19,19,713,test
20,20,1099,test
22,22,1138,test
17,17,831,test
20,12,3372,test
9,9,2906,test
5,5,3214,test
13,13,1848,test
4,4,1111,test
19,19,817,test
9,9,1266,test
3,3,561,test
0,0,1264,test
22,22,1278,test
4,4,3046,test
12,11,3696,test
11,18,3428,test
19,19,750,test
4,5,2723,test
5,5,2961,test
5,5,34,test
13,13,2706,test
9,9,1767,test
17,0,3266,test
22,11,972,test
9,9,629,test
13,13,945,test
13,13,3094,test
19,19,120,test
20,20,3448,test
4,4,3226,test
14,14,1715,test
5,2,1479,test
15,17,2474,test
13,13,1814,test
20,22,3780,test
20,9,1756,test
12,12,966,test
9,9,409,test
17,17,3607,test
16,16,3348,test
9,5,3944,test
1,1,3304,test
13,13,1696,test
19,1,2583,test
9,13,2031,test
3,3,1339,test
22,16,3383,test
9,22,1790,test
3,3,116,test
12,22,381,test
13,13,1216,test
4,4,3132,test
22,17,1780,test
19,9,1875,test
22,22,556,test
13,13,698,test
11,11,370,test
20,20,924,test
5,5,3182,test
13,13,846,test
3,3,1445,test
3,3,3444,test
20,20,4041,test
20,20,2612,test
21,22,2254,test
11,4,795,test
22,22,3319,test
22,22,1577,test
13,13,1046,test
19,19,1497,test
22,9,20,test
3,3,4032,test
3,3,927,test
4,20,1798,test
4,4,679,test
19,19,2500,test
3,3,3679,test
4,4,3518,test
11,11,2001,test
20,20,1348,test
13,13,3722,test
22,12,2247,test
22,11,811,test
20,0,4017,test
9,20,520,test
20,20,2260,test
3,3,2073,test
3,12,3253,test
9,13,212,test
6,6,3491,test
13,9,6,test
13,13,1509,test
0,0,2117,test
20,20,3031,test
3,14,3055,test
13,13,822,test
10,10,3817,test
19,19,3495,test
4,4,1846,test
22,22,1299,test
1,7,1985,test
22,22,3779,test
9,17,2907,test
3,3,823,test
1,19,1731,test
20,20,218,test
9,9,1936,test
22,20,1028,test
16,19,1738,test
3,12,2543,test
9,9,617,test
19,19,2826,test
3,3,941,test
17,17,843,test
3,3,2431,test
9,9,2815,test
9,9,3605,test
5,5,655,test
5,5,2638,test
22,22,85,test
2,2,3054,test
7,7,643,test
13,13,1013,test
5,5,1656,test
20,6,2943,test
19,19,1793,test
13,13,1648,test
22,18,2397,test
12,12,3515,test
15,15,1847,test
13,13,2956,test
22,22,809,test
22,22,2214,test
20,20,3828,test
22,0,779,test
3,3,1210,test
0,0,2744,test
5,15,124,test
22,15,304,test
20,20,2644,test
20,20,1782,test
7,7,620,test
18,18,3022,test
11,11,3078,test
1,1,1406,test
19,19,3001,test
13,13,3429,test
11,11,1165,test
3,3,2208,test
12,12,1586,test
19,14,3656,test
3,3,324,test
15,13,182,test
11,11,2677,test
9,9,1326,test
3,3,3699,test
16,16,1086,test
17,22,1020,test
4,4,2576,test
4,4,160,test
14,4,2642,test
22,22,3922,test
12,12,2680,test
0,13,1551,test
22,17,1804,test
5,5,3524,test
3,3,3086,test
7,7,191,test
4,4,2630,test
22,22,238,test
3,3,72,test
20,20,3723,test
20,20,2977,test
12,9,1168,test
13,13,1542,test
19,9,1826,test
15,7,2743,test
20,9,2020,test
0,0,2519,test
8,8,1770,test
13,13,3390,test
14,17,1321,test
20,20,308,test
16,16,2736,test
19,1,2665,test
1,1,2149,test
3,3,172,test
3,3,3451,test
19,17,1429,test
16,12,3183,test
3,3,3351,test
18,17,1833,test
15,15,2190,test
11,11,1227,test
22,15,1050,test
13,13,2554,test
12,12,1995,test
6,6,527,test
19,19,2321,test
9,9,3155,test
9,9,1624,test
13,13,3980,test
13,13,2452,test
20,20,3300,test
9,9,1140,test
16,3,557,test
3,3,3913,test
9,20,1298,test
11,11,3720,test
3,3,2120,test
13,13,3654,test
22,0,245,test
22,3,1228,test
0,0,3366,test
17,17,3979,test
20,20,372,test
9,9,3494,test
0,0,189,test
19,19,314,test
6,22,293,test
3,12,1881,test
3,3,1341,test
3,7,666,test
7,7,740,test
22,13,2085,test
19,19,988,test
14,7,1996,test
20,5,857,test
19,19,114,test
13,13,2808,test
9,13,3332,test
3,3,1245,test
7,11,325,test
20,20,310,test
22,22,2045,test
13,13,1391,test
14,13,1043,test
20,20,4021,test
0,17,2969,test
5,5,3469,test
13,13,3147,test
19,3,2060,test
3,0,226,test
13,13,887,test
3,3,2441,test
13,13,667,test
20,20,3730,test
19,3,2225,test
13,13,2475,test
13,13,1007,test
20,20,2633,test
13,13,199,test
4,4,1813,test
13,13,2915,test
13,22,1015,test
22,22,1436,test
20,20,1589,test
13,13,3047,test
16,4,419,test
22,13,1313,test
7,20,1403,test
3,3,1629,test
13,13,3728,test
19,19,1971,test
10,10,190,test
18,14,104,test
7,7,3289,test
13,13,959,test
5,5,563,test
11,11,3884,test
20,20,1554,test
17,17,217,test
4,8,2329,test
11,11,608,test
7,7,1207,test
4,11,2621,test
22,10,3158,test
22,22,3414,test
12,3,1766,test
12,12,688,test
17,17,483,test
13,13,1300,test
13,13,672,test
21,7,2259,test
9,9,4018,test
5,5,3292,test
9,9,3362,test
13,13,1646,test
13,13,1430,test
3,3,2480,test
10,10,3661,test
15,15,135,test
19,3,3805,test
16,16,406,test
13,13,3570,test
17,17,3993,test
5,14,139,test
3,3,2863,test
17,17,3297,test
9,9,3985,test
15,15,485,test
19,19,311,test
3,3,2598,test
3,3,652,test
13,13,1109,test
13,13,2801,test
11,11,1217,test
22,9,2781,test
3,3,1947,test
19,19,484,test
12,3,494,test
3,3,3311,test
20,22,1044,test
19,22,1974,test
20,20,2437,test
19,19,3678,test
9,9,194,test
3,22,2643,test
10,10,2348,test
13,13,2560,test
3,3,659,test
6,6,3341,test
0,7,1191,test
19,19,3246,test
13,13,105,test
9,17,1193,test
15,15,3820,test
13,13,1750,test
13,22,7,test
9,3,1182,test
16,16,2528,test
3,3,1666,test
3,3,3795,test
20,20,3368,test
3,3,2933,test
9,10,1309,test
3,3,3959,test
3,3,3473,test
4,4,1610,test
22,22,2804,test
14,14,3948,test
11,11,1784,test
11,11,2413,test
12,11,3104,test
9,13,2797,test
3,3,3023,test
22,22,1768,test
3,4,3579,test
8,8,2978,test
19,19,1942,test
17,17,636,test
9,9,650,test
15,10,2498,test
3,3,994,test
3,3,2198,test
5,3,3572,test
21,19,1792,test
9,9,551,test
3,3,1038,test
11,22,3149,test
3,3,2770,test
3,3,195,test
20,20,2593,test
5,11,1986,test
16,16,1373,test
12,12,2288,test
10,10,1879,test
15,13,2336,test
13,13,280,test
20,6,871,test
5,5,1435,test
0,15,3652,test
0,0,239,test
20,20,3949,test
22,22,1695,test
5,22,348,test
22,9,4000,test
8,8,1760,test
9,9,547,test
13,13,1170,test
19,19,2820,test
18,17,448,test
3,3,1664,test
11,11,2093,test
0,0,3017,test
22,22,3219,test
9,9,2387,test
20,20,1347,test
5,5,2768,test
13,13,919,test
9,9,2628,test
19,19,1789,test
9,9,2200,test
20,7,2513,test
0,0,88,test
11,11,1662,test
13,20,1127,test
15,15,1041,test
15,16,1428,test
13,13,3935,test
9,9,1462,test
0,0,2737,test
5,5,4013,test
22,12,3578,test
11,14,3708,test
20,20,1441,test
14,19,1365,test
3,3,290,test
1,3,3359,test
11,11,3538,test
3,3,222,test
20,20,2218,test
5,5,664,test
3,3,578,test
16,16,2405,test
13,13,3048,test
9,9,1954,test
22,9,2308,test
3,3,584,test
1,1,2526,test
7,7,3830,test
3,3,220,test
13,13,545,test
17,17,663,test
12,12,3841,test
3,3,1601,test
1,19,95,test
5,16,292,test
3,3,1077,test
16,19,2068,test
14,14,2052,test
5,5,3863,test
4,4,1979,test
13,13,828,test
3,3,3733,test
13,13,2115,test
15,4,89,test
13,13,1024,test
3,3,3893,test
20,0,3269,test
0,0,2185,test
4,4,48,test
0,0,3146,test
3,3,3320,test
19,19,355,test
3,3,3624,test
22,13,3076,test
22,9,1156,test
3,3,2328,test
19,19,3295,test
15,13,1213,test
9,9,2379,test
22,4,1164,test
14,14,2233,test
0,4,877,test
19,19,1544,test
9,9,3794,test
22,22,1131,test
7,7,2304,test
11,11,2427,test
3,3,3139,test
19,19,3644,test
13,13,2992,test
3,3,2731,test
3,14,847,test
5,5,2272,test
16,16,3170,test
0,0,3333,test
13,13,2937,test
13,13,1645,test
19,1,3887,test
3,22,1316,test
3,3,3020,test
17,17,3963,test
19,3,2210,test
12,3,2844,test
14,0,2453,test
9,9,3099,test
19,19,4,test
3,7,1134,test
7,7,638,test
19,19,2685,test
9,9,2340,test
19,19,697,test
3,3,1775,test
15,22,1568,test
0,0,326,test
22,13,163,test
13,22,1709,test
14,14,1125,test
13,22,592,test
7,7,898,test
5,11,718,test
5,22,1663,test
12,11,3148,test
13,13,2795,test
4,4,1795,test
22,22,585,test
9,11,3195,test
11,0,1698,test
11,14,2660,test
3,16,1030,test
4,4,2095,test
13,13,1823,test
11,11,2084,test
3,3,2693,test
16,0,1022,test
9,9,3822,test
14,22,1850,test
16,16,3443,test
13,13,2739,test
3,3,3360,test
9,9,2061,test
13,13,1390,test
17,20,3717,test
22,22,542,test
13,13,1714,test
20,20,2421,test
3,3,3981,test
22,22,3330,test
3,3,3324,test
5,5,1243,test
22,22,1438,test
22,9,283,test
9,8,928,test
9,9,1055,test
13,13,677,test
22,13,631,test
13,13,876,test
13,13,2569,test
0,0,1878,test
3,3,3234,test
9,20,3902,test
13,13,932,test
20,20,648,test
9,9,65,test
11,11,2463,test
9,9,2592,test
22,10,3313,test
13,13,1831,test
3,3,3512,test
16,19,1410,test
22,22,386,test
4,4,234,test
19,11,2914,test
19,19,586,test
22,22,3634,test
13,13,3666,test
9,9,3249,test
13,22,1532,test
14,14,2573,test
3,6,2856,test
22,13,566,test
13,13,1205,test
13,13,2697,test
17,17,3555,test
3,16,3118,test
11,11,1380,test
22,17,1684,test
13,13,332,test
3,3,1913,test
13,13,793,test
13,13,1395,test
20,20,2901,test
13,13,505,test
15,6,2191,test
8,8,2982,test
3,3,1124,test
13,13,2730,test
15,12,1567,test
0,0,2228,test
19,19,716,test
20,11,804,test
9,20,531,test
5,1,3430,test
22,22,2637,test
19,22,2121,test
9,9,350,test
19,19,1625,test
20,22,3807,test
0,0,1383,test
20,20,363,test
13,13,2760,test
13,13,345,test
22,22,3604,test
11,11,2708,test
3,3,1317,test
9,13,555,test
5,5,3832,test
13,15,3274,test
9,9,2721,test
22,11,1490,test
13,13,526,test
20,20,3485,test
19,3,368,test
13,13,1025,test
11,11,572,test
9,9,1749,test
17,22,3483,test
13,13,3369,test
20,20,2674,test
3,9,2096,test
3,3,1446,test
21,3,2478,test
10,10,1880,test
3,3,3392,test
15,4,2303,test
13,13,2237,test
3,3,3706,test
9,9,3906,test
11,11,2532,test
5,5,3400,test
3,3,3151,test
11,11,5,test
17,17,2556,test
22,13,3953,test
9,13,3659,test
22,13,3790,test
5,0,3213,test
22,22,1713,test
17,17,4025,test
14,14,2019,test
15,15,2211,test
7,7,208,test
22,4,2483,test
13,13,508,test
1,19,2025,test
3,3,107,test
13,13,3331,test
19,3,24,test
13,13,489,test
9,13,730,test
9,9,743,test
9,9,1106,test
9,9,2828,test
14,12,1587,test
14,22,3968,test
22,22,2005,test
12,12,577,test
12,12,2632,test
22,12,1297,test
19,16,3597,test
16,16,1029,test
10,17,1571,test
3,19,3034,test
19,19,1200,test
10,10,1579,test
9,22,3782,test
13,13,4019,test
22,22,3616,test
22,22,1443,test
15,15,1978,test
22,10,1042,test
19,22,4035,test
9,9,719,test
2,2,899,test
4,4,1911,test
20,7,249,test
14,22,2658,test
7,7,3204,test
7,7,1962,test
22,13,1047,test
3,3,2590,test
12,12,1661,test
3,16,3090,test
7,0,3453,test
1,19,2940,test
16,6,133,test
0,13,322,test
3,3,3526,test
8,3,196,test
20,20,3567,test
22,4,1796,test
22,13,693,test
9,9,3694,test
17,17,1677,test
0,0,47,test
19,19,2871,test
11,11,1265,test
20,4,995,test
3,3,3844,test
9,9,1946,test
10,18,3753,test
22,22,1545,test
3,3,171,test
11,11,235,test
16,5,1620,test
3,3,3171,test
3,3,382,test
1,1,3566,test
18,18,2834,test
6,6,791,test
16,0,112,test
18,18,2299,test
0,0,1724,test
11,11,3564,test
19,3,3236,test
17,17,3423,test
3,3,2352,test
20,20,1611,test
13,13,2670,test
13,13,2390,test
4,4,2849,test
13,22,2648,test
20,0,3617,test
3,3,366,test
22,20,252,test
22,22,3196,test
5,5,1209,test
5,5,3051,test
13,13,2323,test
3,3,1973,test
10,10,2724,test
9,9,1754,test
11,11,1504,test
3,3,850,test
13,13,1178,test
17,20,3006,test
3,13,3082,test
22,6,1699,test
3,19,2429,test
9,9,1693,test
22,22,2873,test
5,5,1675,test
17,17,1968,test
19,19,3138,test
10,10,1252,test
15,15,3627,test
3,3,3914,test
3,3,2125,test
13,13,568,test
22,9,728,test
18,18,2832,test
22,22,3305,test
7,7,2473,test
18,3,3039,test
17,17,2051,test
13,13,2869,test
0,0,582,test
9,9,1562,test
20,20,1144,test
9,9,3776,test
19,22,727,test
0,0,2973,test
3,3,2605,test
13,13,2995,test
20,20,1232,test
14,17,2624,test
7,7,157,test
10,13,3115,test
3,3,1327,test
13,13,3551,test
3,3,3530,test
2,2,318,test
22,13,1061,test
5,7,1272,test
13,13,3974,test
4,4,2958,test
3,19,2417,test
9,9,922,test
19,19,2439,test
9,13,14,test
3,3,1972,test
13,13,1163,test
12,3,1334,test
3,3,2570,test
7,7,456,test
3,3,1688,test
18,18,2951,test
9,9,2810,test
19,19,3548,test
9,22,233,test
13,22,2880,test
12,3,67,test
19,22,3162,test
2,0,2490,test
5,5,2661,test
22,9,1369,test
3,3,2137,test
20,20,2302,test
8,8,3797,test
3,12,1218,test
19,19,1027,test
22,13,230,test
10,10,3198,test
20,9,635,test
1,19,549,test
13,13,892,test
13,13,3904,test
13,13,3667,test
16,17,3455,test
5,11,1143,test
3,3,246,test
3,3,1100,test
9,9,3267,test
1,1,2883,test
3,3,329,test
19,19,3027,test
13,13,1836,test
3,4,517,test
5,13,4002,test
22,22,3638,test
7,13,3905,test
13,22,1639,test
13,13,710,test
20,13,243,test
22,10,3201,test
3,3,2608,test
18,17,3889,test
20,20,2867,test
11,11,1493,test
3,22,596,test
20,20,3838,test
13,13,3194,test
15,13,3558,test
7,7,3900,test
3,3,931,test
12,12,81,test
11,11,3411,test
11,11,1408,test
14,22,1179,test
5,5,2984,test
19,0,2694,test
13,13,712,test
19,19,1805,test
3,3,842,test
17,17,2281,test
3,3,579,test
3,3,1426,test
22,22,2307,test
3,3,273,test
11,17,3853,test
11,3,3470,test
14,20,3867,test
9,9,1157,test
9,7,2230,test
10,22,3270,test
13,13,774,test
20,20,609,test
18,18,3080,test
11,17,1536,test
5,5,2793,test
22,18,880,test
20,22,708,test
19,19,1570,test
3,3,477,test
13,13,975,test
11,11,2232,test
12,12,2782,test
3,3,1352,test
20,4,412,test
3,3,1903,test
22,22,3309,test
4,15,3306,test
3,8,1825,test
8,8,1064,test
14,22,309,test
9,9,3056,test
12,3,2717,test
3,3,3085,test
5,5,682,test
3,3,3398,test
20,20,3600,test
9,9,3635,test
7,7,1547,test
13,13,3137,test
20,20,3891,test
18,22,1096,test
13,13,1419,test
9,9,3092,test
3,3,583,test
12,5,2916,test
22,13,2224,test
20,20,2145,test
13,13,2054,test
20,20,1152,test
13,13,1203,test
22,3,534,test
3,4,1017,test
13,13,3978,test
20,20,3998,test
9,9,1908,test
20,7,63,test
13,13,1916,test
9,9,2839,test
20,9,1644,test
14,22,2454,test
16,16,3671,test
17,17,2825,test
0,12,1021,test
4,4,2892,test
19,8,91,test
13,13,3874,test
7,7,3248,test
9,9,2366,test
14,15,1202,test
20,9,2563,test
13,22,1938,test
22,11,2702,test
11,22,2004,test
20,17,3105,test
3,22,872,test
22,1,1421,test
15,7,3992,test
3,16,2541,test
3,3,2535,test
9,9,264,test
16,16,1744,test
16,16,22,test
13,13,836,test
3,3,2974,test
5,5,1000,test
20,20,1110,test
4,4,3609,test
13,13,3608,test
5,5,3487,test
9,9,240,test
5,13,3919,test
13,13,2600,test
13,13,689,test
17,17,168,test
3,3,470,test
22,22,694,test
17,17,2428,test
5,5,1514,test
22,10,2138,test
13,13,2842,test
8,8,2113,test
11,16,122,test
16,16,1686,test
11,11,2854,test
5,22,2725,test
13,13,64,test
9,0,2572,test
13,13,3385,test
19,19,2715,test
12,12,969,test
3,3,453,test
9,17,948,test
22,13,2935,test
6,4,829,test
13,22,2055,test
13,13,1095,test
20,20,1858,test
17,17,2130,test
13,13,201,test
3,3,3990,test
13,7,3973,test
5,11,1448,test
9,22,2316,test
20,20,1525,test
20,20,787,test
20,13,1585,test
3,3,2071,test
9,13,2775,test
13,13,3839,test
13,13,1899,test
8,8,2761,test
9,9,3321,test
18,17,1535,test
20,4,3415,test
15,11,296,test
16,16,2996,test
20,20,3209,test
5,5,3869,test
20,20,2568,test
16,3,3923,test
16,16,2874,test
22,1,385,test
13,4,342,test
3,3,1722,test
20,22,1433,test
9,9,1883,test
20,20,3233,test
9,9,2927,test
17,5,4005,test
4,4,738,test
3,3,3370,test
13,13,1296,test
13,13,1011,test
3,3,511,test
13,13,523,test
19,19,2014,test
0,0,1375,test
13,11,231,test
19,19,3594,test
12,12,1051,test
4,4,2875,test
16,16,2252,test
9,3,4039,test
11,15,1513,test
22,20,3228,test
0,16,1837,test
2,12,3439,test
1,19,964,test
3,3,920,test
0,0,232,test
19,19,3726,test
17,17,3344,test
7,13,1829,test
3,3,441,test
9,20,3256,test
3,3,1655,test
0,0,599,test
13,15,706,test
0,16,2226,test
7,7,442,test
7,7,1926,test
9,9,1120,test
3,17,1440,test
17,17,1966,test
13,13,341,test
4,4,601,test
7,7,3462,test
13,13,2291,test
5,3,3606,test
3,3,2938,test
4,4,209,test
18,18,799,test
22,13,914,test
19,19,1838,test
5,5,786,test
16,20,1376,test
0,0,1638,test
3,3,3742,test
22,22,2709,test
13,18,1148,test
20,20,3095,test
7,19,1126,test
22,9,725,test
22,11,1970,test
17,9,3766,test
17,17,2447,test
17,17,2769,test
22,20,3946,test
11,11,974,test
14,22,889,test
22,13,1651,test
3,3,3466,test
11,11,3040,test
17,17,2065,test
13,13,1292,test
4,20,3328,test
20,20,1495,test
11,11,161,test
13,22,3971,test
12,20,2351,test
14,14,2765,test
10,10,790,test
9,9,193,test
7,7,3593,test
3,3,2184,test
20,20,757,test
3,3,302,test
4,4,1461,test
3,3,1950,test
13,13,1781,test
3,3,2671,test
19,19,3901,test
13,13,2947,test
18,18,3052,test
3,5,1615,test
22,13,2088,test
3,3,1957,test
3,13,3879,test
9,22,3340,test
9,9,1247,test
22,10,3441,test
20,20,2836,test
5,13,2502,test
9,4,3007,test
9,9,720,test
13,13,1777,test
11,11,2811,test
17,11,1960,test
3,3,1891,test
22,9,3402,test
15,3,1649,test
13,13,31,test
20,1,3623,test
22,10,2435,test
10,10,1734,test
3,3,1019,test
3,3,1988,test
5,5,1199,test
22,22,3734,test
4,4,1372,test
20,20,2846,test
20,20,3784,test
19,19,2954,test
3,3,2278,test
22,22,3476,test
20,22,1710,test
3,22,2857,test
16,16,216,test
3,17,1269,test
14,14,1741,test
17,17,3367,test
0,0,1502,test
0,22,797,test
20,20,1827,test
14,17,3507,test
13,13,330,test
13,13,3499,test
15,15,3280,test
9,9,2040,test
13,13,1389,test
11,14,3650,test
17,17,2640,test
13,13,883,test
22,9,2470,test
11,11,504,test
10,10,3664,test
3,3,1314,test
3,3,491,test
4,0,103,test
14,14,3364,test
9,9,963,test
11,22,1211,test
15,15,3109,test
13,10,1147,test
9,9,1225,test
22,22,2580,test
20,20,1524,test
12,12,3084,test
13,13,3683,test
22,0,1255,test
16,16,3307,test
6,17,3454,test
2,2,3552,test
13,13,3910,test
22,17,2678,test
13,13,1323,test
13,13,3207,test
20,20,268,test
17,17,205,test
3,3,3943,test
13,13,2175,test
11,11,2615,test
3,3,937,test
11,11,2315,test
8,0,2332,test
13,13,2076,test
13,7,3591,test
17,17,353,test
20,20,3796,test
13,13,1902,test
5,5,3437,test
16,3,3386,test
22,22,2799,test
20,20,783,test
15,11,3800,test
5,13,284,test
7,0,849,test
7,7,1361,test
22,22,1201,test
13,13,2561,test
8,5,3987,test
13,13,2153,test
11,11,1592,test
13,13,1371,test
14,14,446,test
15,10,2372,test
4,4,2236,test
9,9,1035,test
22,22,2249,test
4,22,1727,test
5,5,1066,test
3,3,3574,test
7,10,128,test
20,20,1487,test
13,13,1980,test
22,11,875,test
17,17,2574,test
3,4,2400,test
19,19,1884,test
3,3,1658,test
13,13,2778,test
11,11,2955,test
13,13,827,test
3,3,349,test
13,13,3371,test
3,3,645,test
9,9,767,test
9,5,3681,test
20,20,2002,test
9,9,1680,test
3,3,2657,test
19,19,979,test
21,9,1650,test
13,13,3675,test
20,20,127,test
16,16,2205,test
22,0,2418,test
20,9,1919,test
13,13,670,test
9,14,3445,test
4,4,178,test
13,13,300,test
16,16,897,test
17,9,461,test
14,13,567,test
7,7,2899,test
22,16,2294,test
3,3,4006,test
13,13,1259,test
3,3,2187,test
10,10,3355,test
20,20,3568,test
15,15,3174,test
20,20,1324,test
20,20,1263,test
20,22,3159,test
19,19,3111,test
17,17,110,test
0,0,3958,test
19,19,1802,test
13,13,3651,test
11,9,2036,test
9,9,1872,test
3,3,3100,test
3,3,2099,test
22,20,2235,test
16,16,1983,test
20,7,1609,test
5,17,1861,test
13,13,3420,test
5,5,1230,test
0,0,1034,test
4,4,3684,test
18,17,2898,test
13,13,2016,test
4,4,3024,test
13,13,1063,test
10,10,3417,test
7,13,39,test
3,3,179,test
18,17,3603,test
22,13,2192,test
20,20,1622,test
9,9,594,test
13,11,17,test
11,11,2997,test
5,5,2672,test
19,19,2870,test
3,3,792,test
7,7,3163,test
11,11,3346,test
3,22,1817,test
10,13,2780,test
13,13,242,test
13,13,2991,test
3,3,2948,test
0,16,2631,test
0,0,2339,test
9,9,3112,test
20,20,3083,test
22,19,2471,test
9,20,251,test
11,11,3394,test
9,9,3802,test
11,11,1670,test
19,19,3665,test
22,8,3380,test
7,7,634,test
7,7,2331,test
13,13,2618,test
15,12,1507,test
20,20,2327,test
3,3,3662,test
5,5,3799,test
15,22,1800,test
11,11,1331,test
9,7,775,test
4,4,627,test
11,11,1647,test
22,5,570,test
3,3,3994,test
6,6,4038,test
11,12,3247,test
3,3,841,test
22,22,60,test
11,11,870,test
13,13,51,test
13,13,425,test
19,19,1093,test
14,3,1560,test
3,3,512,test
3,3,1248,test
6,9,207,test
9,9,1363,test
13,13,1580,test
16,16,2180,test
3,3,3376,test
9,9,1671,test
11,11,1492,test
13,13,3220,test
10,10,2022,test
12,22,3648,test
9,9,761,test
20,13,729,test
0,0,621,test
3,3,2597,test
16,16,2062,test
10,18,1291,test
3,3,156,test
7,7,3490,test
5,16,499,test
3,3,1271,test
11,11,3563,test
16,16,1133,test
7,7,2269,test
10,10,2773,test
10,9,2959,test
13,13,1229,test
13,13,1212,test
7,15,1630,test
3,3,347,test
9,9,2380,test
18,3,1964,test
11,17,1595,test
11,11,131,test
3,3,912,test
16,3,155,test
6,6,991,test
6,6,2999,test
18,17,3493,test
4,4,541,test
22,5,588,test
13,13,1952,test
17,13,2106,test
20,20,1468,test
22,22,2103,test
3,3,68,test
19,3,2673,test
9,9,1320,test
10,0,3896,test
13,13,1634,test
7,7,1959,test
20,20,2377,test
19,19,2264,test
3,3,4003,test
13,13,2904,test
19,19,2512,test
19,19,565,test
11,11,1747,test
22,22,2324,test
16,16,1748,test
3,3,955,test
13,13,691,test
19,19,560,test
18,4,910,test
13,4,2361,test
13,13,3375,test
13,13,1401,test
22,3,3559,test
20,3,261,test
11,22,3327,test
5,5,3843,test
3,3,3154,test
22,17,3868,test
20,20,2462,test
4,9,312,test
3,3,3477,test
20,13,1598,test
9,9,445,test
13,13,1912,test
19,19,1478,test
1,1,1457,test
17,0,2747,test
9,13,1924,test
2,2,2356,test
7,3,1523,test
3,3,2650,test
4,22,825,test
5,5,3339,test
5,3,2212,test
1,1,1301,test
19,19,785,test
9,9,3373,test
22,22,1254,test
13,13,415,test
0,3,1659,test
4,4,37,test
5,20,3927,test
22,3,1006,test
20,20,3771,test
13,13,1832,test
15,15,1012,test
20,10,2921,test
22,13,3265,test
22,22,2156,test
9,9,229,test
13,13,1097,test
13,13,2496,test
7,7,1154,test
3,3,3119,test
7,7,2287,test
3,3,2188,test
5,5,1984,test
9,9,3061,test
13,13,3419,test
18,11,3821,test
11,11,1392,test
3,3,833,test
5,5,106,test
7,7,3106,test
15,13,1447,test
13,13,3618,test
3,3,1702,test
14,14,2518,test
18,18,530,test
12,22,2704,test
6,20,2764,test
11,13,2511,test
14,14,3898,test
9,9,439,test
20,20,334,test
10,10,2843,test
3,3,1501,test
5,3,1139,test
17,17,259,test
22,9,2416,test
2,2,159,test
11,11,2079,test
22,17,430,test
9,9,41,test
17,3,2965,test
13,13,1065,test
22,13,3133,test
9,9,336,test
11,11,323,test
22,9,130,test
9,9,2547,test
15,10,99,test
3,3,653,test
19,19,1177,test
5,5,3157,test
16,16,2983,test
13,13,999,test
22,5,3636,test
3,3,420,test
11,11,1345,test
15,11,947,test
20,20,2979,test
13,13,1961,test
22,22,2325,test
22,13,471,test
22,11,3852,test
5,5,3818,test
3,16,1360,test
5,5,936,test
20,20,3189,test
19,7,1159,test
19,19,3544,test
20,20,839,test
13,13,444,test
15,22,2789,test
3,3,3599,test
20,22,2790,test
11,11,3747,test
13,13,2922,test
13,13,2538,test
13,13,1471,test
10,10,1654,test
20,20,2425,test
3,3,2018,test
4,4,673,test
3,3,3049,test
22,22,3244,test
7,7,858,test
9,9,1359,test
18,22,2157,test
5,5,1488,test
20,10,1834,test
13,20,2422,test
22,22,1743,test
12,22,3461,test
3,4,2620,test
5,22,1033,test
9,9,2505,test
22,9,1590,test
19,19,56,test
16,16,3639,test
20,3,2317,test
13,13,2213,test
15,12,1844,test
19,19,3912,test
9,22,3296,test
16,16,3404,test
22,22,2946,test
5,5,615,test
19,20,1845,test
5,9,3427,test
22,3,3583,test
3,3,3018,test
20,13,2792,test
2,19,274,test
15,8,2689,test
13,13,2766,test
16,16,480,test
0,0,3014,test
0,0,2886,test
22,4,3653,test
14,8,701,test
22,1,387,test
5,13,202,test
0,5,462,test
2,2,1072,test
22,8,3945,test
22,9,3877,test
19,19,642,test
16,16,4016,test
19,22,1870,test
18,17,510,test
13,13,2246,test
5,5,10,test
20,4,2586,test
20,20,733,test
0,0,3529,test
11,11,153,test
12,12,610,test
22,13,1483,test
16,16,1394,test
22,17,1402,test
13,22,2404,test
15,15,3480,test
7,7,3197,test
17,17,1246,test
13,15,416,test
11,11,1508,test
3,7,1849,test
13,13,1136,test
7,0,929,test
17,17,1538,test
7,7,3911,test
0,0,1464,test
9,20,1288,test
11,0,1528,test
0,0,3131,test
11,11,1367,test
13,13,552,test
21,1,1355,test
9,9,2457,test
3,4,2289,test
3,3,431,test
3,3,1092,test
13,13,3036,test
3,3,2565,test
3,3,2461,test
20,20,1874,test
1,1,1940,test
3,3,3003,test
22,22,765,test
4,4,533,test
3,3,3787,test
3,3,2056,test
3,3,1779,test
5,17,1729,test
3,3,2971,test
20,7,692,test
3,1,2170,test
3,3,28,test
3,3,331,test
12,15,2913,test
3,3,2240,test
14,14,2779,test
22,22,1928,test
8,22,532,test
16,16,2358,test
22,22,3767,test
3,3,751,test
19,19,3834,test
16,16,1967,test
10,10,364,test
9,9,3803,test
20,20,2814,test
3,3,3883,test
13,13,320,test
13,13,2649,test
20,20,812,test
16,16,1303,test
17,17,2495,test
20,20,2509,test
10,10,3768,test
17,3,2806,test
13,13,1511,test
13,13,2173,test
13,13,493,test
3,3,954,test
17,17,1056,test
3,7,1145,test
7,0,603,test
20,20,587,test
17,5,1725,test
4,16,4040,test
3,3,501,test
20,20,1865,test
4,3,3858,test
19,19,1286,test
9,9,834,test
19,19,3827,test
12,12,3872,test
3,3,614,test
10,9,3252,test
3,3,2381,test
22,22,2464,test
3,3,3122,test
7,7,2679,test
13,13,352,test
22,12,187,test
17,17,384,test
3,12,1189,test
5,5,2334,test
0,0,3492,test
9,9,3954,test
10,16,3230,test
19,19,1991,test
13,13,2320,test
11,11,2888,test
17,4,993,test
14,14,2529,test
1,19,3711,test
3,3,661,test
14,14,1082,test
20,20,3123,test
13,13,1377,test
3,3,3250,test
10,10,2756,test
11,11,2536,test
17,17,42,test
20,20,589,test
19,11,405,test
16,16,684,test
3,3,623,test
9,0,3225,test
5,5,2466,test
3,3,2647,test
20,20,1166,test
3,3,3503,test
10,10,3672,test
22,13,3783,test
22,0,321,test
18,18,3497,test
7,8,80,test
0,0,306,test
3,3,2169,test
13,13,2318,test
22,22,1637,test
4,4,3215,test
20,20,215,test
13,13,3612,test
22,9,826,test
9,9,2376,test
1,1,3465,test
22,8,3685,test
19,19,2412,test
17,17,2255,test
4,20,2354,test
9,9,3773,test
13,13,882,test
19,7,3440,test
13,22,1398,test
9,9,976,test
3,3,820,test
9,9,1877,test
20,11,3245,test
8,8,3928,test
13,13,680,test
11,11,2326,test
16,16,3718,test
9,12,1518,test
13,13,1315,test
9,19,862,test
10,10,3554,test
5,5,9,test
0,0,2986,test
13,22,2000,test
11,11,705,test
13,5,1892,test
20,20,709,test
19,13,433,test
3,3,2414,test
0,5,3595,test
19,19,2152,test
13,13,1474,test
11,3,102,test
19,19,700,test
13,13,2410,test
12,12,2823,test
20,20,2558,test
19,19,940,test
12,12,2140,test
13,13,457,test
22,22,502,test
22,22,3598,test
3,7,3489,test
13,13,1351,test
3,3,3577,test
13,13,2341,test
5,5,1534,test
22,17,1566,test
11,11,75,test
0,0,482,test
3,3,3188,test
20,20,625,test
3,3,2860,test
22,12,2070,test
3,3,2663,test
13,13,1378,test
20,20,934,test
9,9,2837,test
13,13,1130,test
13,13,1332,test
3,3,1809,test
13,13,52,test
20,20,2265,test
22,22,3674,test
11,4,2803,test
1,19,2805,test
16,16,1510,test
22,20,3630,test
8,8,2262,test
4,4,295,test
22,22,763,test
8,9,2074,test
20,20,3770,test
22,21,2189,test
14,14,2347,test
5,5,1384,test
4,4,3502,test
0,0,1273,test
12,12,764,test
22,17,1194,test
20,20,2058,test
1,19,3658,test
0,0,2887,test
3,3,2199,test
10,10,2949,test
3,9,362,test
13,9,1171,test
18,18,3426,test
13,11,982,test
4,4,2962,test
3,3,3859,test
17,17,1104,test
9,9,3399,test
3,3,2645,test
17,17,146,test
3,3,540,test
0,0,1141,test
13,13,1128,test
16,16,253,test
15,19,3335,test
11,9,486,test
8,0,2310,test
9,13,3793,test
0,3,2357,test
11,11,3504,test
16,16,2712,test
3,3,3833,test
13,13,2749,test
13,13,741,test
7,7,1258,test
9,9,1769,test
12,9,2370,test
20,20,917,test
5,0,2716,test
20,20,2385,test
7,7,1969,test
3,20,315,test
3,3,2432,test
7,7,2442,test
9,9,3326,test
11,11,3021,test
6,8,2472,test
3,3,1071,test
11,11,1039,test
3,3,2042,test
9,9,1475,test
3,5,3668,test
16,16,1396,test
3,3,3279,test
19,14,13,test
3,3,3535,test
13,13,1004,test
16,16,3541,test
4,4,2217,test
12,12,1564,test
5,5,886,test
13,13,788,test
11,14,1226,test
13,13,93,test
3,3,1549,test
7,7,1444,test
20,20,1871,test
22,4,3403,test
13,13,1531,test
10,10,726,test
7,7,3378,test
19,16,2050,test
22,22,971,test
14,14,3823,test
13,13,1416,test
5,5,902,test
16,20,1287,test
9,9,3384,test
13,13,3161,test
17,10,1149,test
3,3,2275,test
3,3,2292,test
19,20,141,test
9,9,3633,test
4,20,2686,test
22,3,4024,test
17,17,3532,test
3,3,2279,test
19,19,2160,test
13,13,3505,test
9,9,228,test
3,3,1057,test
12,12,2853,test
16,16,2924,test
17,17,2751,test
16,16,3846,test
3,3,2399,test
13,13,1888,test
17,13,227,test
9,9,3550,test
13,13,3165,test
9,22,1142,test
13,13,1851,test
22,13,118,test
7,20,2622,test
13,13,1895,test
11,11,637,test
4,4,3227,test
13,13,3160,test
19,19,2656,test
3,3,973,test
17,17,885,test
13,13,394,test
22,9,4036,test
19,17,2111,test
20,20,3693,test
3,18,996,test
11,11,2102,test
13,13,84,test
9,9,184,test
3,3,838,test
5,5,3585,test
20,20,272,test
3,3,3181,test
15,17,390,test
3,3,1101,test
20,20,3983,test
22,3,2077,test
7,7,2197,test
22,13,1215,test
9,9,2290,test
13,20,2007,test
13,17,490,test
9,9,2920,test
13,13,3337,test
17,22,3164,test
4,4,275,test
9,17,3011,test
22,12,3864,test
22,4,2748,test
13,13,339,test
13,13,2057,test
5,5,2601,test
12,15,2364,test
3,3,2822,test
20,19,1619,test
3,3,3855,test
13,13,2728,test
13,13,4015,test
19,19,289,test
19,3,1922,test
13,12,175,test
3,3,2059,test
15,4,3264,test
19,16,1091,test
11,11,197,test
5,5,3432,test
10,10,1387,test
22,4,3602,test
12,12,3224,test
17,17,2683,test
22,9,206,test
13,13,3222,test
13,22,414,test
13,13,669,test
16,16,2720,test
22,15,696,test
4,4,3169,test
18,13,1237,test
20,20,2912,test
20,20,1527,test
5,5,895,test
12,12,2012,test
20,20,1904,test
9,9,2177,test
9,3,3190,test
11,11,36,test
3,3,1274,test
0,0,3237,test
5,5,539,test
10,10,152,test
14,3,2300,test
13,13,3345,test
17,17,2171,test
22,13,3381,test
4,4,3205,test
13,13,2194,test
7,7,1785,test
12,12,2091,test
13,22,1412,test
20,20,4009,test
22,20,1635,test
12,12,1400,test
20,20,2691,test
9,13,164,test
3,3,3719,test
19,19,3299,test
22,9,3756,test
18,17,1498,test
20,15,3772,test
13,13,1887,test
22,12,949,test
3,3,192,test
19,3,472,test
22,3,3474,test
17,17,1742,test
5,5,1606,test
13,13,1890,test
3,3,3540,test
20,20,2617,test
13,13,3965,test
13,13,162,test
5,5,1070,test
20,20,2482,test
3,3,522,test
7,7,3788,test
19,16,748,test
16,22,1989,test
4,22,379,test
22,22,3926,test
22,9,2378,test
20,20,3506,test
3,3,1653,test
7,7,1643,test
20,20,74,test
11,11,1411,test
17,17,2903,test
14,14,1089,test
13,13,2131,test
15,15,2905,test
3,22,1690,test
9,16,2481,test
22,19,814,test
3,3,338,test
13,13,1867,test
11,11,703,test
1,19,1,test
22,3,2911,test
5,5,3377,test
5,5,2384,test
22,9,0,test
7,14,3285,test
12,12,2219,test
4,4,1302,test
20,20,1169,test
13,13,2,test
3,5,2104,test
22,16,2139,test
4,4,3356,test
4,3,1569,test
4,9,3758,test
12,12,2785,test
3,3,3358,test
22,22,1621,test
22,4,1473,test
3,3,1079,test
0,0,3038,test
6,5,3947,test
9,9,859,test
0,0,3762,test
9,9,269,test
19,19,2552,test
12,12,1896,test
22,16,3703,test
4,7,2119,test
5,5,737,test
19,3,1414,test
1,0,487,test
13,13,2114,test
13,13,2273,test
3,3,3282,test
3,3,3791,test
4,4,997,test
13,13,2989,test
4,3,2374,test
22,9,3848,test
13,13,285,test
22,13,2522,test
19,19,904,test
7,7,3447,test
11,17,2030,test
19,19,3318,test
4,13,2029,test
22,22,1503,test
3,3,123,test
13,13,3317,test
20,20,2646,test
17,17,1482,test
22,4,687,test
17,17,3273,test
3,3,2141,test
20,20,2239,test
17,9,2544,test
11,11,968,test
13,13,396,test
14,14,447,test
16,16,860,test
3,3,4020,test
15,17,3824,test
3,19,3657,test
3,3,214,test
1,3,377,test
13,22,2268,test
13,13,3957,test
13,13,1499,test
22,22,739,test
13,22,3715,test
22,13,57,test
9,9,1045,test
13,13,26,test
20,20,3102,test
4,4,3391,test
13,13,176,test
11,11,301,test
3,3,2450,test
10,10,1552,test
3,3,2398,test
3,4,766,test
13,13,1821,test
20,20,816,test
13,13,111,test
7,7,3176,test
16,16,3857,test
9,9,1276,test
3,3,3478,test
4,4,2594,test
9,1,3870,test
5,5,210,test
3,3,2629,test
3,12,830,test
9,8,1763,test
19,19,3655,test
13,13,657,test
9,9,1409,test
8,8,333,test
3,3,1893,test
22,22,3338,test
22,22,3316,test
12,12,3323,test
11,11,3140,test
20,20,3556,test
9,9,365,test
14,14,2759,test
13,13,3697,test
13,13,3509,test
13,13,2391,test
22,22,1824,test
3,3,984,test
3,3,2108,test
3,3,3975,test
22,9,2833,test
3,3,1364,test
7,7,3669,test
16,5,3113,test
3,3,236,test
3,3,821,test
3,4,3792,test
19,19,915,test
14,14,2346,test
9,9,2241,test
3,3,893,test
18,3,3110,test
22,14,3002,test
13,13,2048,test
3,19,492,test
11,22,2740,test
16,16,1158,test
13,13,2847,test
13,13,3763,test
3,3,2083,test
13,13,656,test
22,22,1626,test
13,13,2540,test
9,9,1310,test
22,9,2687,test
12,12,3000,test
3,3,845,test
3,3,142,test
4,13,3875,test
9,9,2963,test
22,3,1672,test
13,13,641,test
9,9,2571,test
3,3,3737,test
9,9,3640,test
17,17,2821,test
5,5,881,test
10,10,3642,test
4,4,3920,test
20,20,1279,test
3,3,3127,test
14,14,3037,test
22,20,2909,test
4,3,389,test
7,7,3510,test
1,1,271,test
17,17,1472,test
22,22,3486,test
11,11,1963,test
13,13,46,test
5,5,1208,test
3,3,144,test
5,5,2699,test
3,3,3561,test
7,7,248,test
0,0,2807,test
9,9,665,test
17,17,1374,test
19,19,2027,test
16,16,3184,test
5,5,3643,test
0,0,2527,test
13,13,2443,test
9,22,2659,test
22,22,998,test
16,16,854,test
11,13,3409,test
9,9,3899,test
9,9,2222,test
13,13,3496,test
3,3,1563,test
16,16,3516,test
22,13,211,test
1,1,2491,test
15,22,119,test
20,20,528,test
22,22,1119,test
3,3,1385,test
13,13,188,test
5,5,1181,test
22,20,1289,test
22,7,1854,test
9,18,856,test
20,20,3425,test
9,9,1548,test
10,10,3438,test
3,3,2567,test
19,19,3128,test
14,14,1956,test
5,22,2654,test
13,13,2783,test
22,3,3837,test
3,3,2430,test
12,12,1188,test
13,13,967,test
20,20,1318,test
13,13,644,test
20,20,488,test
22,22,343,test
7,7,1975,test
4,4,1500,test
10,22,1573,test
20,20,2900,test
5,1,1122,test
16,22,2371,test
13,13,3917,test
20,13,3433,test
20,20,2551,test
3,3,2209,test
13,13,4028,test
13,13,863,test
15,22,92,test
17,17,1894,test
9,9,2046,test
5,0,632,test
3,3,2251,test
11,11,2713,test
3,3,3058,test
7,7,3242,test
17,17,1852,test
20,4,1469,test
19,7,221,test
11,11,1981,test
19,19,2026,test
13,13,3343,test
4,22,1280,test
3,3,2034,test
3,3,2266,test
9,13,573,test
13,13,1583,test
19,17,2945,test
17,17,3705,test
3,3,1574,test
12,3,1162,test
13,13,3760,test
13,13,3063,test
22,20,3628,test
13,13,1242,test
13,13,3588,test
12,12,1344,test
20,20,49,test
5,5,2651,test
5,5,3460,test
3,22,3972,test
0,19,3374,test
6,13,2611,test
6,6,2666,test
13,13,1052,test
3,3,1520,test
11,11,1539,test
5,5,1762,test
20,22,806,test
13,20,3117,test
20,20,2174,test
19,19,3881,test
22,22,3765,test
1,19,2150,test
22,3,2493,test
16,16,3062,test
22,13,514,test
19,19,3101,test
5,5,983,test
7,7,1105,test
13,22,2981,test
13,13,2626,test
3,3,1059,test
20,20,1404,test
22,16,1753,test
2,2,1526,test
13,13,356,test
4,4,1114,test
9,9,1312,test
9,12,2714,test
13,13,1486,test
15,16,1732,test
19,19,1023,test
3,22,939,test
19,14,2662,test
19,16,1512,test
9,9,340,test
11,11,612,test
1,21,2719,test
20,20,148,test
13,13,2023,test
13,13,3615,test
9,22,1284,test
19,19,2344,test
0,0,4008,test
17,11,3072,test
17,17,1921,test
3,3,1612,test
13,13,874,test
22,13,2800,test
4,4,2388,test
13,13,2636,test
17,17,3553,test
13,13,3592,test
16,13,1223,test
16,16,3997,test
6,6,1506,test
15,22,1885,test
17,18,2788,test
22,7,3231,test
20,13,1340,test
13,13,2504,test
22,22,3716,test
8,8,1466,test
9,9,722,test
19,19,593,test
9,9,45,test
3,3,1073,test
22,22,30,test
9,10,2146,test
17,17,2041,test
0,0,3908,test
11,11,380,test
11,11,358,test
22,4,3387,test
1,7,2458,test
7,7,1929,test
22,3,2345,test
16,3,2525,test
6,4,1860,test
22,22,2742,test
17,17,3129,test
11,11,3798,test
11,13,213,test
3,3,374,test
13,13,3925,test
9,9,768,test
22,22,361,test
5,3,2277,test
7,7,3217,test
3,11,564,test
19,19,3302,test
3,3,3446,test
9,15,818,test
13,13,1676,test
22,22,3686,test
12,12,383,test
2,2,2542,test
1,19,3740,test
3,3,3856,test
22,4,3238,test
4,4,868,test
20,20,2286,test
0,3,777,test
19,19,3223,test
13,13,1270,test
13,7,2818,test
4,4,3303,test
22,9,2575,test
17,17,525,test
11,11,1602,test
19,19,782,test
16,16,3941,test
13,13,1755,test
14,3,3702,test
1,3,2402,test
16,16,11,test
4,20,3933,test
11,11,518,test
3,0,255,test
20,4,2510,test
3,3,1578,test
11,11,2195,test
3,3,3663,test
3,3,378,test
3,3,1233,test
17,20,3145,test
19,3,690,test
9,9,2610,test
3,3,2075,test
20,20,1608,test
13,13,2078,test
3,3,2884,test
9,9,1463,test
4,4,2784,test
20,20,3952,test
22,22,2596,test
22,22,796,test
15,9,3801,test
11,11,305,test
3,3,3069,test
9,9,1933,test
11,11,2383,test
4,4,2603,test
9,9,855,test
7,7,3212,test
13,13,3701,test
13,13,2609,test
13,22,548,test
7,7,3631,test
22,22,732,test
20,20,3845,test
11,11,3995,test
9,9,3560,test
19,20,3260,test
7,7,1505,test
13,13,1553,test
3,3,2039,test
7,0,1830,test
20,4,2733,test
9,9,2386,test
15,15,2319,test
3,3,1799,test
7,13,177,test
9,9,2476,test
10,10,3835,test
22,22,2813,test
2,2,432,test
22,7,2786,test
10,10,3750,test
13,13,986,test
13,15,1716,test
19,19,281,test
9,9,87,test
19,3,458,test
20,20,1123,test
22,9,852,test
19,3,1965,test
13,13,3210,test
17,17,1565,test
19,19,784,test
9,22,2469,test
19,19,1901,test
13,13,3565,test
5,0,1238,test
3,3,1704,test
22,22,2655,test
13,13,753,test
14,19,181,test
10,5,4034,test
3,3,143,test
19,19,3862,test
3,3,2734,test
3,3,3081,test
19,3,3406,test
20,20,2468,test
4,22,418,test
22,3,851,test
3,3,3724,test
20,20,3144,test
3,3,1758,test
4,9,1765,test
13,13,2183,test
5,22,3275,test
22,12,1869,test
7,7,1260,test
4,4,113,test
20,20,3613,test
12,12,3989,test
13,13,3030,test
13,13,944,test
9,20,1628,test
3,14,247,test
9,20,3811,test
4,16,2602,test
17,17,2161,test
19,19,3276,test
0,0,562,test
13,22,3059,test
17,9,633,test
20,20,147,test
13,9,2616,test
13,13,3878,test
22,20,3991,test
17,9,3152,test
1,11,1951,test
5,5,2234,test
20,20,126,test
7,7,1719,test
10,10,2635,test
19,19,1311,test
3,7,3761,test
19,14,1075,test
3,3,3079,test
9,3,1558,test
14,16,3825,test
3,3,1014,test
3,3,3895,test
22,13,3774,test
13,13,50,test
19,16,2408,test
22,22,2280,test
22,22,3259,test
13,13,2746,test
5,5,2688,test
3,3,2729,test
11,13,1333,test
12,17,3025,test
4,4,1048,test
13,13,2067,test
9,9,423,test
3,5,3071,test
10,10,1735,test
3,4,844,test
3,22,3921,test
22,4,3436,test
13,13,970,test
12,11,735,test
14,22,2923,test
13,13,344,test
3,3,3016,test
13,13,2555,test
13,13,3258,test
9,9,3192,test
3,3,3029,test
11,11,424,test
13,13,772,test
13,13,2929,test
16,16,55,test
3,3,2355,test
10,4,1382,test
13,13,2282,test
3,3,2122,test
13,13,3680,test
13,13,2835,test
9,9,3808,test
3,3,769,test
3,3,884,test
9,22,3035,test
13,13,3410,test
14,8,602,test
13,13,3775,test
16,16,516,test
11,11,1290,test
22,18,3861,test
3,17,1393,test
20,4,3932,test
12,3,3166,test
9,9,2872,test
20,5,3809,test
11,3,2794,test
9,9,3379,test
22,20,3924,test
22,0,2166,test
9,9,639,test
15,15,3903,test
13,13,1706,test
22,13,3815,test
17,17,3882,test
13,13,263,test
0,7,2681,test
22,22,2100,test
20,20,1519,test
22,9,1026,test
16,3,1618,test
20,20,3329,test
19,19,660,test
17,17,3060,test
9,9,2817,test
3,3,1304,test
13,13,3831,test
0,0,2488,test
9,9,1561,test
5,5,140,test
9,9,3153,test
13,13,254,test
22,17,1591,test
22,12,43,test
5,5,1295,test
3,3,3150,test
3,9,2516,test
7,7,3424,test
3,3,2165,test
10,10,435,test
9,22,2882,test
22,4,3749,test
20,20,1575,test
3,3,819,test
20,20,1294,test
19,19,2752,test
17,17,3482,test
11,11,3698,test
19,19,2521,test
13,13,801,test
16,16,1582,test
11,4,2363,test
3,3,2975,test
3,3,410,test
18,3,3500,test
0,12,3513,test
17,17,3851,test
13,13,1219,test
10,10,3388,test
3,3,2809,test
3,3,2537,test
20,20,2367,test
3,3,2479,test
20,20,443,test
20,22,3961,test
3,3,952,test
9,22,241,test
17,22,3074,test
7,7,3130,test
0,0,3312,test
14,3,2896,test
13,12,3043,test
3,3,574,test
0,13,1932,test
9,9,3637,test
3,3,933,test
2,2,2092,test
14,14,286,test
13,13,2148,test
3,3,467,test
20,20,90,test
3,3,2845,test
3,3,3611,test
22,9,1261,test
20,20,3254,test
9,9,25,test
19,4,1588,test
9,9,3216,test
8,3,2082,test
14,20,1998,test
11,11,3517,test
19,19,3073,test
17,17,3682,test
9,4,3940,test
12,8,1370,test
22,9,840,test
2,2,2003,test
22,5,297,test
3,3,125,test
7,7,2942,test
12,22,3731,test
3,3,2508,test
3,3,2008,test
13,13,2129,test
5,9,1840,test
17,17,460,test
4,4,2118,test
11,11,1187,test
9,9,1864,test
9,10,3966,test
2,2,3235,test
13,13,440,test
13,13,1745,test
3,13,2035,test
12,12,2154,test
3,3,2253,test
3,3,3010,test
0,0,537,test
4,4,1717,test
3,3,449,test
11,11,3829,test
19,3,2503,test
7,0,916,test
9,9,891,test
11,11,3777,test
22,22,2426,test
17,17,3735,test
13,13,903,test
17,17,1150,test
3,3,1235,test
13,13,1084,test
22,22,3562,test
3,22,2897,test
3,3,1828,test
3,3,2440,test
2,0,61,test
12,12,965,test
3,3,3218,test
14,22,2168,test
2,2,2342,test
13,22,3124,test
22,5,3789,test
4,4,2423,test
19,4,1442,test
12,12,3955,test
5,5,1160,test
0,2,3484,test
17,17,1267,test
22,22,3646,test
3,3,2980,test
13,13,1786,test
19,19,3353,test
19,1,715,test
9,9,455,test
3,3,2396,test
3,3,1772,test
11,11,2477,test
20,20,1031,test
5,5,3186,test
22,18,3909,test
4,4,3847,test
17,17,3045,test
22,22,3075,test
22,13,1458,test
14,22,2009,test
7,7,3271,test
4,4,3389,test
9,13,896,test
17,17,1481,test
3,7,2566,test
3,3,515,test
20,20,1806,test
13,13,848,test
22,13,1642,test
13,13,1943,test
13,20,3888,test
19,19,956,test
7,7,1081,test
3,22,2614,test
13,13,203,test
22,22,1787,test
19,19,436,test
13,13,3810,test
14,14,185,test
4,4,2360,test
9,22,137,test
10,10,2711,test
3,3,1281,test
19,19,2533,test
4,4,3537,test
13,13,2941,test
3,3,2838,test
1,19,3472,test
3,3,2864,test
1,7,4023,test
6,3,3520,test
13,13,580,test
22,22,1905,test
17,17,1740,test
13,13,2420,test
17,17,219,test
12,19,291,test
19,19,1285,test
20,20,3450,test
13,13,1197,test
3,3,1667,test
13,13,3522,test
16,16,3836,test
3,3,3739,test
3,3,1405,test
13,13,1807,test
7,7,878,test
19,19,2313,test
22,22,2627,test
22,3,3097,test
4,4,132,test
22,9,1467,test
22,9,2158,test
13,13,1776,test
3,9,150,test
8,8,71,test
22,9,2484,test
11,3,3114,test
22,13,313,test
1,3,1923,test
9,22,758,test
3,3,1808,test
13,17,2791,test
22,3,1330,test
7,13,1705,test
16,16,2919,test
13,13,3976,test
20,20,1198,test
3,3,3395,test
12,12,1925,test
9,9,1935,test
5,5,3854,test
17,14,604,test
4,4,3918,test
16,19,977,test
17,17,3243,test
22,7,2142,test
17,11,3709,test
14,14,1746,test
22,22,1342,test
9,3,985,test
7,7,4014,test
19,19,1530,test
6,6,2163,test
12,22,2202,test
15,15,2250,test
13,13,3999,test
15,9,1121,test
13,13,4012,test
13,13,2389,test
17,17,2718,test
19,19,2802,test
12,12,569,test
22,22,3142,test
22,13,2086,test
22,13,2692,test
20,20,992,test
22,5,2401,test
22,22,3200,test
3,3,335,test
10,7,619,test
11,22,391,test
18,18,497,test
12,3,2424,test
19,22,1282,test
22,9,1253,test
13,13,1581,test
22,9,1694,test
15,10,1898,test
0,0,388,test
22,8,2393,test
8,8,2613,test
20,20,906,test
12,12,1060,test
22,22,1137,test
20,20,1603,test
13,13,2851,test
7,7,4011,test
19,7,1319,test
7,7,109,test
10,22,3542,test
17,17,2403,test
7,7,3263,test
11,11,3255,test
13,13,837,test
12,12,1691,test
20,20,1450,test
4,4,29,test
16,16,3342,test
3,3,2143,test
22,13,1146,test
22,5,2229,test
17,13,2772,test
12,9,2753,test
13,13,3412,test
20,20,2297,test
7,8,776,test
1,1,2664,test
3,3,2419,test
13,13,606,test
1,19,1241,test
22,3,3586,test
22,7,3569,test
3,3,2460,test
22,12,1305,test
9,9,1379,test
13,13,913,test
3,3,2757,test
13,13,3422,test
22,22,3015,test
20,20,1636,test
19,19,2696,test
16,16,244,test
11,11,1192,test
5,5,19,test
13,13,3287,test
2,2,1117,test
0,0,2368,test
22,22,27,test
20,20,1863,test
3,11,18,test
20,20,616,test
19,19,3769,test
9,9,890,test
9,9,3813,test
11,11,2215,test
16,16,800,test
13,13,3745,test
3,3,1049,test
7,22,277,test
13,13,2382,test
19,19,1076,test
13,13,2968,test
20,20,401,test
22,9,2501,test
0,0,2890,test
17,17,3363,test
19,16,3277,test
13,13,158,test
3,9,1484,test
1,19,1098,test
19,3,3405,test
7,7,2777,test
9,9,1174,test
22,22,558,test
9,4,2877,test
3,14,200,test
3,3,3178,test
3,3,1112,test
22,22,1336,test
20,20,3519,test
2,0,3580,test
20,20,3336,test
3,3,900,test
9,9,408,test
12,12,53,test
20,22,2485,test
7,9,151,test
3,3,1937,test
7,7,2993,test
11,11,3757,test
10,10,3459,test
13,13,704,test
22,0,3934,test
11,18,154,test
20,20,529,test
15,11,3525,test
3,4,495,test
13,13,38,test
9,9,224,test
11,11,463,test
13,13,2557,test
13,13,2274,test
20,20,503,test
13,13,1886,test
9,9,2641,test
11,12,287,test
5,5,1543,test
1,19,3211,test
3,3,622,test
11,11,3539,test
19,16,70,test
6,9,649,test
14,14,2589,test
9,9,1008,test
5,5,2296,test
6,6,2444,test
12,22,3523,test
3,3,1129,test
20,20,1151,test
13,13,1249,test
4,4,1180,test
22,9,62,test
17,17,1399,test
3,3,180,test
19,14,4026,test
13,13,2487,test
13,13,3314,test
3,3,3167,test
3,3,2707,test
20,20,2196,test
15,15,1617,test
13,13,1816,test
9,9,1275,test
5,5,149,test
19,19,685,test
17,18,2902,test
11,11,438,test
3,3,3050,test
9,9,256,test
20,20,3232,test
13,13,2136,test
2,2,403,test
3,3,78,test
22,3,2953,test
3,3,478,test
13,13,2069,test
15,15,3865,test
13,13,452,test
3,3,925,test
9,9,3866,test
3,3,2972,test
13,22,1078,test
17,17,2987,test
20,20,1477,test
4,4,559,test
3,3,538,test
3,3,1236,test
11,11,1930,test
12,22,2588,test
13,13,2599,test
11,11,2305,test
9,9,714,test
5,5,2668,test
13,13,3508,test
3,3,2263,test
20,20,3350,test
11,11,3690,test
2,2,299,test
13,13,3093,test
9,22,3804,test
22,22,328,test
3,3,2548,test
22,5,2013,test
17,22,2162,test
3,3,907,test
9,9,3185,test
9,9,2703,test
4,4,1584,test
3,3,3179,test
3,3,3098,test
22,22,371,test
16,16,3860,test
20,20,1594,test
13,13,3087,test
12,3,2831,test
11,13,496,test
20,20,960,test
11,11,1460,test
4,4,2257,test
17,17,257,test
13,22,3004,test
9,13,3257,test
22,3,54,test
16,22,2438,test
7,7,1752,test
1,1,1627,test
17,17,1616,test
11,11,771,test
11,11,3707,test
16,20,1934,test
15,15,1914,test
19,17,2994,test
20,20,2700,test
7,7,1431,test
8,8,2578,test
5,13,3625,test
12,12,186,test
5,11,957,test
13,13,3907,test
3,3,989,test
13,13,2604,test
9,9,668,test
20,16,3458,test
11,0,3206,test
5,22,2267,test
13,13,2581,test
11,11,1728,test
3,3,1434,test
3,3,2824,test
5,3,2879,test
22,22,2830,test
9,9,167,test
3,5,756,test
9,9,1103,test
13,13,2394,test
9,9,3262,test
19,19,40,test
19,19,2584,test
0,22,411,test
13,13,2164,test
15,15,626,validation
13,13,128,validation
7,7,630,validation
13,13,412,validation
16,16,666,validation
16,16,639,validation
3,3,518,validation
17,17,456,validation
3,3,435,validation
13,13,141,validation
20,20,517,validation
3,3,244,validation
13,13,258,validation
19,19,577,validation
3,3,485,validation
11,19,218,validation
19,22,565,validation
22,11,241,validation
3,3,540,validation
13,13,636,validation
17,17,378,validation
13,13,232,validation
19,19,268,validation
13,13,428,validation
3,3,421,validation
5,5,550,validation
3,3,181,validation
14,7,633,validation
3,3,318,validation
19,19,152,validation
13,13,566,validation
17,13,340,validation
5,5,84,validation
3,3,375,validation
11,11,255,validation
9,13,445,validation
13,13,509,validation
22,13,33,validation
22,22,608,validation
20,20,43,validation
9,9,134,validation
22,11,156,validation
14,14,610,validation
13,13,242,validation
17,22,100,validation
9,12,308,validation
3,17,138,validation
8,8,202,validation
13,13,365,validation
3,3,116,validation
0,0,213,validation
13,13,14,validation
10,10,161,validation
22,13,101,validation
12,3,413,validation
4,4,79,validation
13,13,588,validation
22,22,484,validation
13,13,482,validation
21,13,667,validation
0,0,279,validation
20,20,459,validation
11,3,398,validation
19,16,275,validation
12,11,568,validation
22,6,519,validation
8,3,136,validation
9,9,357,validation
7,19,110,validation
22,13,72,validation
5,0,30,validation
17,17,597,validation
3,3,473,validation
18,3,199,validation
12,12,252,validation
5,5,604,validation
3,3,601,validation
13,13,120,validation
17,17,570,validation
19,3,319,validation
14,14,501,validation
13,13,261,validation
20,20,561,validation
3,0,580,validation
4,9,486,validation
15,13,414,validation
22,20,483,validation
19,19,211,validation
16,16,73,validation
3,22,226,validation
8,7,47,validation
3,3,306,validation
9,9,508,validation
3,0,405,validation
13,13,310,validation
4,4,288,validation
5,22,325,validation
9,13,494,validation
3,3,53,validation
5,13,113,validation
22,13,45,validation
3,6,286,validation
16,16,548,validation
3,3,623,validation
22,22,311,validation
12,12,531,validation
22,22,193,validation
3,3,353,validation
10,10,432,validation
3,3,399,validation
17,17,115,validation
6,15,635,validation
22,22,159,validation
9,20,547,validation
16,16,59,validation
9,9,344,validation
4,4,402,validation
4,4,173,validation
18,22,474,validation
1,19,525,validation
13,13,71,validation
22,22,448,validation
0,0,589,validation
17,17,329,validation
13,13,65,validation
13,22,441,validation
22,5,205,validation
13,13,206,validation
5,5,447,validation
7,7,425,validation
4,16,103,validation
3,14,87,validation
3,3,189,validation
22,13,272,validation
12,12,642,validation
19,19,367,validation
13,22,419,validation
19,3,108,validation
13,13,572,validation
13,13,248,validation
3,3,592,validation
7,7,574,validation
3,3,224,validation
3,3,237,validation
3,3,290,validation
9,9,293,validation
22,20,502,validation
8,8,38,validation
12,12,68,validation
3,3,297,validation
5,5,12,validation
13,13,481,validation
10,10,187,validation
22,3,417,validation
5,5,104,validation
13,13,55,validation
22,13,239,validation
13,13,656,validation
3,3,191,validation
20,20,564,validation
13,11,92,validation
11,11,437,validation
7,22,194,validation
4,4,209,validation
19,19,170,validation
12,9,97,validation
11,11,408,validation
9,22,491,validation
4,4,634,validation
2,2,462,validation
0,16,471,validation
20,20,478,validation
13,13,467,validation
17,17,523,validation
0,9,66,validation
19,3,449,validation
20,20,536,validation
13,13,410,validation
15,15,123,validation
22,22,586,validation
13,13,185,validation
13,13,658,validation
3,3,323,validation
9,20,39,validation
16,16,172,validation
3,3,416,validation
15,22,125,validation
22,15,404,validation
0,13,430,validation
0,0,89,validation
11,11,196,validation
10,10,576,validation
7,7,661,validation
7,7,488,validation
4,4,571,validation
9,20,535,validation
10,10,222,validation
7,20,302,validation
19,3,166,validation
22,5,497,validation
22,13,16,validation
22,22,538,validation
19,13,671,validation
13,13,487,validation
9,9,653,validation
22,9,595,validation
20,16,230,validation
20,20,9,validation
19,19,317,validation
19,19,590,validation
13,13,267,validation
20,20,598,validation
5,22,167,validation
4,16,5,validation
10,10,155,validation
11,11,0,validation
13,13,446,validation
5,5,513,validation
0,11,663,validation
13,13,304,validation
0,0,4,validation
15,15,250,validation
20,5,499,validation
3,3,179,validation
19,19,147,validation
5,5,285,validation
9,9,645,validation
17,17,219,validation
13,13,359,validation
4,4,670,validation
13,13,627,validation
11,11,114,validation
13,13,496,validation
17,17,373,validation
20,20,192,validation
3,3,534,validation
20,13,177,validation
3,3,387,validation
20,5,514,validation
0,0,463,validation
11,11,208,validation
9,9,401,validation
13,13,300,validation
13,13,669,validation
19,19,434,validation
20,13,665,validation
3,3,369,validation
13,13,370,validation
18,13,380,validation
4,8,216,validation
13,13,395,validation
12,12,26,validation
5,22,620,validation
14,4,649,validation
4,9,52,validation
20,4,265,validation
7,19,313,validation
11,11,46,validation
22,9,505,validation
3,3,234,validation
20,20,188,validation
5,5,629,validation
3,3,476,validation
13,13,197,validation
9,3,388,validation
22,22,243,validation
8,8,90,validation
6,6,291,validation
20,20,407,validation
9,9,617,validation
13,13,31,validation
11,11,106,validation
17,9,40,validation
3,22,69,validation
0,5,221,validation
9,9,613,validation
16,16,616,validation
0,0,655,validation
20,20,556,validation
14,14,266,validation
12,12,220,validation
22,9,88,validation
13,13,94,validation
3,3,544,validation
20,9,280,validation
3,3,650,validation
17,17,646,validation
13,13,374,validation
20,20,579,validation
5,5,207,validation
19,19,309,validation
13,13,269,validation
22,20,231,validation
16,8,420,validation
13,13,303,validation
9,19,282,validation
12,12,591,validation
20,20,364,validation
3,3,603,validation
22,20,657,validation
20,9,19,validation
9,9,86,validation
22,9,451,validation
13,13,643,validation
13,13,515,validation
16,16,358,validation
19,19,212,validation
10,13,429,validation
3,3,314,validation
13,5,233,validation
8,3,391,validation
16,16,334,validation
17,17,18,validation
12,12,225,validation
19,19,458,validation
3,3,524,validation
19,19,143,validation
17,17,609,validation
16,16,64,validation
13,13,479,validation
11,11,460,validation
20,20,274,validation
22,17,390,validation
19,3,611,validation
0,0,49,validation
20,22,507,validation
13,13,78,validation
20,20,245,validation
22,12,235,validation
17,13,7,validation
16,19,545,validation
11,11,339,validation
0,0,352,validation
0,16,648,validation
12,12,169,validation
12,12,543,validation
19,19,63,validation
22,18,227,validation
3,3,342,validation
5,22,361,validation
3,3,276,validation
3,3,34,validation
3,3,442,validation
18,18,356,validation
20,20,32,validation
3,3,139,validation
9,9,17,validation
11,11,328,validation
9,9,376,validation
3,22,289,validation
20,20,178,validation
20,20,480,validation
15,15,594,validation
3,3,332,validation
13,11,184,validation
13,13,510,validation
0,0,422,validation
9,20,461,validation
22,12,347,validation
22,4,372,validation
13,13,153,validation
7,8,622,validation
11,13,444,validation
16,13,2,validation
22,9,489,validation
13,13,362,validation
20,20,552,validation
22,13,223,validation
4,4,541,validation
7,7,301,validation
5,5,320,validation
3,4,439,validation
3,16,557,validation
12,22,522,validation
13,13,307,validation
22,22,25,validation
3,17,527,validation
22,13,549,validation
20,20,528,validation
7,22,62,validation
11,11,464,validation
9,22,98,validation
22,22,599,validation
22,0,111,validation
17,17,175,validation
11,11,647,validation
2,7,168,validation
15,15,41,validation
9,9,360,validation
20,20,559,validation
3,3,554,validation
5,7,664,validation
17,17,660,validation
7,16,154,validation
16,16,457,validation
22,22,587,validation
20,20,91,validation
13,13,229,validation
3,3,619,validation
21,10,433,validation
13,13,70,validation
20,20,236,validation
13,13,6,validation
11,11,1,validation
20,20,351,validation
3,3,530,validation
13,13,400,validation
13,13,21,validation
2,2,102,validation
13,13,146,validation
13,22,124,validation
13,13,183,validation
3,3,466,validation
20,20,132,validation
13,9,377,validation
19,19,148,validation
0,0,453,validation
13,22,50,validation
3,3,198,validation
5,5,186,validation
22,22,107,validation
19,3,256,validation
5,5,411,validation
13,13,637,validation
13,13,492,validation
19,19,631,validation
13,13,338,validation
5,5,240,validation
9,9,126,validation
20,20,93,validation
19,19,396,validation
0,0,180,validation
13,13,662,validation
5,3,503,validation
7,5,133,validation
5,5,195,validation
11,11,270,validation
9,9,80,validation
5,5,51,validation
8,8,37,validation
6,6,337,validation
13,13,131,validation
3,3,259,validation
13,13,551,validation
3,3,204,validation
13,13,600,validation
22,17,61,validation
14,0,348,validation
9,9,512,validation
13,13,109,validation
4,4,246,validation
22,4,140,validation
18,18,294,validation
3,3,22,validation
7,8,164,validation
15,15,624,validation
17,17,262,validation
22,13,85,validation
22,13,363,validation
17,17,504,validation
13,13,546,validation
7,13,371,validation
17,17,582,validation
17,22,24,validation
20,20,27,validation
3,3,424,validation
22,22,470,validation
15,9,228,validation
20,20,203,validation
22,22,321,validation
0,0,129,validation
17,17,327,validation
3,3,469,validation
3,3,614,validation
22,13,539,validation
5,5,83,validation
16,16,149,validation
20,20,584,validation
22,13,409,validation
22,7,454,validation
0,0,331,validation
13,13,296,validation
13,13,165,validation
7,7,403,validation
5,22,593,validation
9,15,95,validation
5,5,392,validation
1,1,264,validation
3,3,23,validation
11,11,295,validation
22,22,251,validation
17,17,498,validation
5,13,8,validation
14,3,122,validation
20,20,257,validation
19,19,150,validation
9,9,35,validation
4,20,575,validation
13,13,48,validation
12,12,350,validation
9,9,560,validation
13,13,511,validation
3,3,596,validation
9,20,29,validation
22,20,490,validation
20,4,500,validation
20,5,210,validation
3,3,532,validation
3,3,77,validation
22,13,82,validation
3,3,182,validation
9,7,54,validation
13,13,336,validation
18,18,298,validation
13,13,190,validation
13,13,640,validation
9,9,36,validation
20,20,468,validation
3,3,75,validation
22,14,263,validation
15,15,343,validation
3,3,58,validation
16,0,96,validation
7,7,366,validation
16,16,281,validation
22,20,278,validation
19,19,254,validation
17,22,57,validation
2,2,135,validation
13,13,56,validation
18,17,384,validation
7,7,145,validation
9,9,292,validation
9,12,585,validation
13,13,520,validation
13,20,477,validation
3,3,142,validation
19,19,605,validation
3,3,345,validation
1,0,271,validation
13,13,537,validation
11,11,354,validation
17,17,555,validation
1,3,632,validation
11,22,171,validation
12,12,440,validation
3,3,117,validation
13,13,346,validation
13,13,349,validation
22,22,247,validation
7,7,452,validation
13,13,567,validation
20,20,305,validation
3,3,162,validation
22,19,273,validation
19,19,368,validation
17,17,333,validation
9,9,312,validation
22,9,506,validation
17,17,381,validation
22,3,201,validation
13,13,81,validation
14,7,607,validation
5,22,618,validation
14,0,379,validation
3,3,15,validation
9,9,151,validation
12,11,3,validation
5,5,112,validation
3,3,573,validation
22,9,10,validation
11,11,11,validation
3,3,431,validation
11,2,249,validation
12,12,67,validation
16,16,174,validation
22,13,562,validation
3,3,406,validation
13,13,99,validation
17,17,315,validation
13,13,105,validation
13,13,652,validation
14,2,542,validation
17,13,638,validation
9,4,157,validation
9,9,200,validation
7,3,284,validation
13,13,651,validation
22,0,450,validation
15,12,583,validation
6,6,326,validation
13,13,426,validation
13,13,493,validation
22,4,335,validation
5,5,443,validation
13,13,526,validation
11,11,322,validation
17,17,299,validation
17,17,455,validation
11,11,415,validation
19,19,74,validation
9,9,438,validation
3,3,423,validation
13,13,277,validation
0,0,659,validation
10,10,418,validation
13,13,602,validation
17,0,516,validation
11,11,581,validation
13,13,283,validation
22,9,386,validation
3,3,553,validation
19,19,533,validation
5,5,393,validation
11,11,578,validation
9,9,558,validation
6,6,668,validation
13,13,44,validation
7,5,389,validation
5,5,569,validation
19,17,472,validation
10,10,144,validation
22,3,644,validation
13,17,563,validation
5,3,13,validation
16,3,427,validation
13,13,42,validation
20,20,529,validation
6,6,316,validation
13,13,625,validation
3,3,341,validation
22,11,521,validation
10,10,119,validation
13,13,60,validation
20,20,628,validation
18,22,260,validation
22,9,215,validation
13,13,130,validation
22,3,163,validation
7,7,383,validation
13,13,158,validation
14,13,385,validation
0,0,641,validation
22,13,127,validation
5,5,137,validation
1,19,324,validation
3,3,397,validation
11,17,606,validation
19,19,475,validation
0,16,20,validation
3,3,621,validation
13,20,612,validation
16,5,238,validation
11,11,160,validation
13,13,217,validation
11,11,436,validation
13,13,355,validation
13,13,118,validation
13,13,253,validation
15,22,382,validation
17,17,615,validation
9,9,330,validation
3,3,465,validation
22,13,214,validation
13,13,394,validation
7,8,287,validation
4,16,28,validation
19,19,76,validation
22,22,495,validation
20,20,176,validation
13,13,121,validation
22,3,654,validation
