epoch_runtime
3.7556397914886475
3.746832847595215
3.7429075241088867
3.7523560523986816
3.7896673679351807
3.7945947647094727
3.811156988143921
3.817204713821411
3.807807683944702
3.765795946121216
3.7647268772125244
3.770303964614868
3.7710154056549072
3.772092580795288
3.7718822956085205
3.7746241092681885
3.7829601764678955
3.7850866317749023
3.783254861831665
3.7800405025482178
3.7809793949127197
3.777489423751831
3.779993772506714
3.783447265625
3.7814600467681885
3.77598237991333
3.775744915008545
3.782899856567383
3.8002030849456787
3.778996706008911
3.776428461074829
3.7734439373016357
3.7740318775177
3.770786762237549
3.771718740463257
3.776240587234497
3.7986972332000732
3.8071296215057373
